original triangle

0.000000 2.853170 0.000000
0.000000 1.275976 2.551953
2.427051 1.275976 0.788597

Maxtrix 0
-0.809017  -0.000000  -0.587785  0.000000  
0.000000  -1.000000  0.000000  0.000000  
-0.587785  -0.000000  0.809017  0.000000  
0.000000  0.000000  0.000000  1.000000  
Maxtrix 1
0.309017  0.000000  -0.951057  0.000000  
0.000000  -1.000000  0.000000  0.000000  
-0.951057  -0.000000  -0.309017  0.000000  
0.000000  0.000000  0.000000  1.000000  
Maxtrix 2
1.000000  0.000000  0.000000  0.000000  
0.000000  -1.000000  0.000000  0.000000  
-0.000000  0.000000  -1.000000  0.000000  
0.000000  0.000000  0.000000  1.000000  
Maxtrix 3
0.309017  0.000000  0.951057  0.000000  
0.000000  -1.000000  0.000000  0.000000  
0.951057  0.000000  -0.309017  0.000000  
0.000000  0.000000  0.000000  1.000000  
Maxtrix 4
-0.809017  -0.000000  0.587785  0.000000  
0.000000  -1.000000  0.000000  0.000000  
0.587785  0.000000  0.809017  0.000000  
0.000000  0.000000  0.000000  1.000000  
Maxtrix 5
-0.000000  0.525731  -0.850651  0.000000  
0.850651  0.447214  0.276393  0.000000  
0.525731  -0.723607  -0.447214  0.000000  
0.000000  0.000000  0.000000  1.000000  
Maxtrix 6
-0.500000  0.850651  0.162460  0.000000  
0.850651  0.447214  0.276393  0.000000  
0.162460  0.276393  -0.947214  0.000000  
0.000000  0.000000  0.000000  1.000000  
Maxtrix 7
-0.309017  -0.000000  0.951057  0.000000  
0.850651  0.447214  0.276393  0.000000  
-0.425326  0.894427  -0.138197  0.000000  
0.000000  0.000000  0.000000  1.000000  
Maxtrix 8
0.309017  -0.850651  0.425326  0.000000  
0.850651  0.447214  0.276393  0.000000  
-0.425325  0.276393  0.861804  0.000000  
0.000000  0.000000  0.000000  1.000000  
Maxtrix 9
0.500000  -0.525731  -0.688191  0.000000  
0.850651  0.447214  0.276393  0.000000  
0.162460  -0.723607  0.670821  0.000000  
0.000000  0.000000  0.000000  1.000000  
Maxtrix 10
-1.000000  -0.000000  -0.000000  0.000000  
0.000000  -0.447214  -0.894427  0.000000  
0.000000  -0.894427  0.447214  0.000000  
0.000000  0.000000  0.000000  1.000000  
Maxtrix 11
-0.309017  0.850651  -0.425325  0.000000  
0.000000  -0.447214  -0.894427  0.000000  
-0.951057  -0.276393  0.138197  0.000000  
0.000000  0.000000  0.000000  1.000000  
Maxtrix 12
0.809017  0.525731  -0.262866  0.000000  
0.000000  -0.447214  -0.894427  0.000000  
-0.587786  0.723607  -0.361804  0.000000  
0.000000  0.000000  0.000000  1.000000  
Maxtrix 13
0.809017  -0.525731  0.262866  0.000000  
0.000000  -0.447214  -0.894427  0.000000  
0.587785  0.723607  -0.361803  0.000000  
0.000000  0.000000  0.000000  1.000000  
Maxtrix 14
-0.309017  -0.850651  0.425325  0.000000  
0.000000  -0.447214  -0.894427  0.000000  
0.951057  -0.276393  0.138197  0.000000  
0.000000  0.000000  0.000000  1.000000  
Maxtrix 15
-0.500001  0.850651  0.162460  0.000000  
0.850651  0.447214  0.276393  0.000000  
0.162460  0.276393  -0.947214  0.000000  
0.000000  0.000000  0.000000  1.000000  
Maxtrix 16
-0.309017  0.000000  0.951057  0.000000  
0.850651  0.447214  0.276393  0.000000  
-0.425326  0.894427  -0.138197  0.000000  
0.000000  0.000000  0.000000  1.000000  
Maxtrix 17
0.309017  -0.850651  0.425325  0.000000  
0.850651  0.447214  0.276393  0.000000  
-0.425326  0.276393  0.861804  0.000000  
0.000000  0.000000  0.000000  1.000000  
Maxtrix 18
0.500001  -0.525731  -0.688191  0.000000  
0.850651  0.447214  0.276393  0.000000  
0.162460  -0.723607  0.670821  0.000000  
0.000000  0.000000  0.000000  1.000000  
Maxtrix 19
-0.000000  0.525731  -0.850651  0.000000  
0.850651  0.447214  0.276393  0.000000  
0.525732  -0.723607  -0.447214  0.000000  
0.000000  0.000000  0.000000  1.000000  
Maxtrix 20
-0.809017  -0.525731  0.262866  0.000000  
-0.525731  0.447214  -0.723607  0.000000  
0.262866  -0.723607  -0.638197  0.000000  
0.000000  0.000000  0.000000  1.000000  
Maxtrix 21
-0.500000  0.525731  0.688191  0.000000  
-0.525731  0.447214  -0.723607  0.000000  
-0.688191  -0.723607  0.052786  0.000000  
0.000000  0.000000  0.000000  1.000000  
Maxtrix 22
0.500000  0.850651  0.162460  0.000000  
-0.525731  0.447214  -0.723607  0.000000  
-0.688191  0.276393  0.670821  0.000000  
0.000000  0.000000  0.000000  1.000000  
Maxtrix 23
0.809017  0.000000  -0.587785  0.000000  
-0.525731  0.447214  -0.723607  0.000000  
0.262866  0.894428  0.361804  0.000000  
0.000000  0.000000  0.000000  1.000000  
Maxtrix 24
0.000000  -0.850651  -0.525731  0.000000  
-0.525731  0.447214  -0.723607  0.000000  
0.850651  0.276393  -0.447214  0.000000  
0.000000  0.000000  0.000000  1.000000  
Maxtrix 25
-0.309017  -0.000000  0.951057  0.000000  
0.850651  0.447214  0.276393  0.000000  
-0.425326  0.894427  -0.138197  0.000000  
0.000000  0.000000  0.000000  1.000000  
Maxtrix 26
0.309017  -0.850651  0.425326  0.000000  
0.850651  0.447214  0.276393  0.000000  
-0.425326  0.276393  0.861804  0.000000  
0.000000  0.000000  0.000000  1.000000  
Maxtrix 27
0.500000  -0.525731  -0.688191  0.000000  
0.850651  0.447214  0.276393  0.000000  
0.162460  -0.723607  0.670821  0.000000  
0.000000  0.000000  0.000000  1.000000  
Maxtrix 28
0.000000  0.525732  -0.850651  0.000000  
0.850651  0.447214  0.276393  0.000000  
0.525732  -0.723607  -0.447214  0.000000  
0.000000  0.000000  0.000000  1.000000  
Maxtrix 29
-0.500000  0.850651  0.162460  0.000000  
0.850651  0.447214  0.276393  0.000000  
0.162460  0.276394  -0.947214  0.000000  
0.000000  0.000000  0.000000  1.000000  
Maxtrix 30
-0.500000  -0.850651  -0.162460  0.000000  
-0.850651  0.447214  0.276393  0.000000  
-0.162460  0.276393  -0.947214  0.000000  
0.000000  0.000000  0.000000  1.000000  
Maxtrix 31
-0.000000  -0.525731  0.850651  0.000000  
-0.850651  0.447214  0.276393  0.000000  
-0.525731  -0.723607  -0.447214  0.000000  
0.000000  0.000000  0.000000  1.000000  
Maxtrix 32
0.500000  0.525731  0.688191  0.000000  
-0.850651  0.447214  0.276393  0.000000  
-0.162460  -0.723607  0.670821  0.000000  
0.000000  0.000000  0.000000  1.000000  
Maxtrix 33
0.309017  0.850651  -0.425325  0.000000  
-0.850651  0.447214  0.276393  0.000000  
0.425325  0.276393  0.861804  0.000000  
0.000000  0.000000  0.000000  1.000000  
Maxtrix 34
-0.309017  0.000000  -0.951057  0.000000  
-0.850651  0.447214  0.276393  0.000000  
0.425326  0.894428  -0.138197  0.000000  
0.000000  0.000000  0.000000  1.000000  
Maxtrix 35
0.309017  -0.850652  0.425325  0.000000  
0.850651  0.447214  0.276393  0.000000  
-0.425326  0.276393  0.861804  0.000000  
0.000000  0.000000  0.000000  1.000000  
Maxtrix 36
0.500000  -0.525732  -0.688191  0.000000  
0.850651  0.447214  0.276393  0.000000  
0.162460  -0.723607  0.670821  0.000000  
0.000000  0.000000  0.000000  1.000000  
Maxtrix 37
0.000000  0.525732  -0.850651  0.000000  
0.850651  0.447214  0.276393  0.000000  
0.525731  -0.723607  -0.447214  0.000000  
0.000000  0.000000  0.000000  1.000000  
Maxtrix 38
-0.500000  0.850652  0.162460  0.000000  
0.850651  0.447214  0.276393  0.000000  
0.162460  0.276394  -0.947214  0.000000  
0.000000  0.000000  0.000000  1.000000  
Maxtrix 39
-0.309017  -0.000000  0.951057  0.000000  
0.850651  0.447214  0.276393  0.000000  
-0.425326  0.894428  -0.138197  0.000000  
0.000000  0.000000  0.000000  1.000000  
